

25 06 12 45 14 23 10 20 01 01 01 02 00 A0 03 02 01 00 
03 
B0 00 （此包的数据长度  176）
38 03 （功能码）
AD (数据部分的长度 173)
05 （物理码长度）
20 10 01 01 22 （物理码 5个字节） 
42 32 30 31 39 30 37 31 30 31 31 31 31 32 31 30 36 31 32 34 35 31 34 32 33 31 30 32 30 30 31 30 31 （文件名 33个字节）
05 00 00 00 （起始包序号 此包的序号为5）
80 00（音频文件数据长度  此包为128 ） 
00 80 13 00 F7 F7 F7 67 14 03 00 00 00 00 F9 BB BC 88 80 08 88 40 37 53 01 00 00 00 90 CF AC 88 80 08 88 80 57 32 00 00 00 00 00 FC BA 8B 80 08 88 80 62 26 24 00 00 00 00 C0 EC BA 09 88 80 08 48 27 15 00 00 00 00 80 CF BA 08 88 80 08 28 57 41 00 00 00 00 00 EA 9C 8E 80 08 88 80 28 55 32 00 00 00 00 C0 FB AC 88 80 08 88 40 27 32 00 00 00 00 C0 FB BA 0D 88 80 08 88 25 45 21 00 00 00 （实际的音频数据）
C2 6F （CRC16   从03 B0 00到 21 00 00 00）